0
0
1
1
1
1
3
3
3
3
3
3
3
3
3
3
1
1
1
1
1
1
1
1
1
1
1
1
1
3
3
1D
1D
5D
5D
5D
5D
ED
ED
7F
7F
77
77
67
67
6F
6F
63
63
3C
3C
EC
EC
DB
DB
25
25
D
D
3E
3E
3F
3F
26
7
7
7
7
3
3
3
3
0
0
0
0
0
0
0
0
0
0
0
0
0
0
0
0
0
0
0
0
0
0
0
0
0
0
0
0
0
0
0
0
0
0
0
0
0
0
0
0
0
0
0
0
0
0
0
0
0
0
0
0
0
0
0
0
0
1
1
1
1
3
3
3
3
3
3
3
3
1
1
1
1
0
0
0
0
0
0
0
0
0
0
0
1C
1C
3E
3E
31
31
61
61
41
41
47
47
F
F
7
7
3
3
7
7
F
F
F
F
1F
1F
3F
3F
3F
3F
7F
7F
7F
7F
FF
FF
FF
77
77
7F
7F
6F
6F
F
F
F
F
7
7
F
F
F
F
7
7
7
7
7
7
67
67
7F
7F
27
27
27
27
27
27
3
3
3
3
3
3
3
3
1
1
1
1
1
1
1
1
1
1
1
1
1
0
0
0
0
0
0
0
0
0
0
