00
00
01
01
01
01
03
03
03
03
03
03
03
03
03
03
01
01
01
01
01
01
01
01
01
01
01
01
01
03
03
1D
1D
5D
5D
5D
5D
ED
ED
7F
7F
77
77
67
67
6F
6F
63
63
3C
3C
EC
EC
DB
DB
25
25
0D
0D
3E
3E
3F
3F
26
07
07
07
07
03
03
03
03
00
00
00
00
00
00
00
00
00
00
00
00
00
00
00
00
00
00
00
00
00
00
00
00
00
00
00
00
00
00
00
00
00
00
00
00
00
00
00
00
00
00
00
00
00
00
00
00
00
00
00
00
00
00
00
00
00
01
01
01
01
03
03
03
03
03
03
03
03
01
01
01
01
00
00
00
00
00
00
00
00
00
00
00
1C
1C
3E
3E
31
31
61
61
41
41
47
47
0F
0F
07
07
03
03
07
07
0F
0F
0F
0F
1F
1F
3F
3F
3F
3F
7F
7F
7F
7F
FF
FF
FF
77
77
7F
7F
6F
6F
0F
0F
0F
0F
07
07
0F
0F
0F
0F
07
07
07
07
07
07
67
67
7F
7F
27
27
27
27
27
27
03
03
03
03
03
03
03
03
01
01
01
01
01
01
01
01
01
01
01
01
01
00
00
00
00
00
00
00
00
00
00

